4 4
1/6/2016 0 0 1 0
12/7/2016 1 1 1 0
5/10/2016 1 1 1 1
25/12/2016 0 0 0 0
4 4
1/6/2016 0 0 1 0
12/7/2016 1 1 1 0
7/10/2016 0 1 1 1
25/12/2016 0 0 0 0
5 3
20/9/2016 0 1 1 1 1
30/9/2016 1 0 1 1 1
1/10/2016 1 1 1 1 1
5 3
20/9/2016 0 1 1 1 1
30/9/2016 1 0 1 1 1
1/10/2016 1 1 1 1 0
5 3
20/9/2016 0 1 1 1 1
30/9/2016 1 0 1 1 1
1/10/2016 1 1 0 1 1
2 3
20/9/2016 0 1
30/9/2016 1 0
1/10/2016 1 0
10 3
20/9/2016 0 1 1 1 1 0 0 0 0 0
30/9/2016 1 0 1 1 1 0 1 1 0 1
1/10/2016 1 1 1 1 1 1 0 0 0 0
5 5
20/9/2016 0 1 1 1 1
30/9/2016 1 0 1 1 1
1/10/2016 0 1 1 1 1
1/10/2015 1 0 1 0 0
1/10/2010 1 1 1 1 1
5 3
20/9/2016 0 1 1 1 1
30/9/2016 1 0 1 1 1
1/10/2016 1 1 1 0 1

